ua = [ 50.5 50.1 48.8 47.4 45.5 42.9 39.1 33 24.2 13.2 2];

n = 16.66;